STACK
accuracy: 0.7797055730809674
precision: 0.753627662858907
recall: 0.9838774687625957
f1: 0.8534965034965035
runtime: 16.26202630996704
sample_time: 0.8131013154983521
coverage_ratio: 1.0
mean_length 2.75
ext_min: 469
ext_avg: 1430.95
ext_max: 2243

PQ
accuracy: 0.7691903259726603
precision: 0.7449230769230769
recall: 0.9801619433198381
f1: 0.8465034965034967
runtime: 18.87260890007019
sample_time: 0.9436304450035096
coverage_ratio: 0.85
mean_dist: 0.09451786019113217
ext_min: 1806
ext_avg: 17339.6
ext_max: 43493